                     CLIMATOLOGICAL SUMMARY for year 2017


NAME: Tegel-Süd, Berlin, Germany                  
ELEV: 48 meter    LAT: 52-34.35 N    LONG: 013-16.03 E


                                       TEMPERATURE (°C)

                              HEAT    COOL                              MAX    MAX    MIN    MIN
          MEAN   MEAN         DEG     DEG                                >=     <=     <=     <=
 YR  MO   MAX    MIN    MEAN  DAYS    DAYS      HI  DAY     LOW  DAY     30      0      0    -20
------------------------------------------------------------------------------------------------
2017 01
2017 02
2017 03
2017 04   14,5    6,4    9,9  240,7    0,0    22,6   10     1,5   20      0      0      0      0
2017 05   22,3   12,6   17,1   82,8   45,9    32,1   19     5,2   09      5      0      0      0
2017 06   24,2   15,4   19,6   10,0   46,9    31,1   19    12,3   01      2      0      0      0
2017 07   23,2   16,2   19,4   13,7   46,8    30,5   30    12,5   03      1      0      0      0
2017 08   23,8   16,7   19,9   10,7   60,5    28,5   30    12,7   23      0      0      0      0
2017 09   18,2   12,4   14,9  102,5    0,0    22,2   05     9,0   16      0      0      0      0
2017 10   14,6   10,4   12,3  188,4    0,0    20,7   15     5,2   30      0      0      0      0
2017 11    9,0    4,9    6,9  344,6    0,0    14,2   24     1,2   14      0      0      0      0
2017 12    6,1    2,6    4,4  431,1    0,0    11,9   31    -0,6   10      0      0      4      0
------------------------------------------------------------------------------------------------
          17,4   10,9   13,9 1424,5  200,1    32,1  Mai    -0,6  Dez      8      0      4      0


                  PRECIPITATION (mm)

                  MAX         ---DAYS OF RAIN---
                  OBS.               OVER
 YR  MO  TOTAL    DAY  DATE   0.30   3.00  30.00
------------------------------------------------
2017 01
2017 02
2017 03
2017 04   48,6   20,7    17     11      4      0
2017 05   61,8   27,9    16     10      4      0
2017 06  188,1   95,7    29     16      9      2
2017 07  154,5   49,5    22     18     10      1
2017 08   45,9    8,7    11     17      6      0
2017 09   35,1    9,3    06     13      6      0
2017 10   80,1   13,8    05     20      9      0
2017 11 1236,9 1176,6    10     21      7      1
2017 12   39,9    5,7    11     20      6      0
------------------------------------------------
        1890,9 1176,6   Nov    146     61      4


           WIND SPEED (m/s)

                                DOM
 YR  MO    AVG     HI   DATE    DIR
-----------------------------------
2017 01
2017 02
2017 03
2017 04    0,8    7,1     25     50 
2017 05    0,4    5,8     31    333 
2017 06    0,5    8,5     07     31 
2017 07    0,3    6,1     12     31 
2017 08    0,3    6,5     03     22 
2017 09    0,3    9,5     13      8 
2017 10    0,7    8,5     29     25 
2017 11    0,6    8,2     19     26 
2017 12    0,9    9,5     12     34 
-----------------------------------
           0,5    9,5    Sep     28

