                   MONTHLY CLIMATOLOGICAL SUMMARY for Sep 2017


NAME: Tegel-Süd, Berlin, Germany                  
ELEV: 48 meter    LAT: 52-34.35 N    LONG: 013-16.03 E


                   TEMPERATURE (°C), RAIN (mm), WIND SPEED (m/s)

                                         HEAT   COOL         AVG
      MEAN                               DEG    DEG          WIND                   DOM
DAY   TEMP   HIGH   TIME    LOW   TIME   DAYS   DAYS   RAIN  SPEED   HIGH   TIME    DIR
---------------------------------------------------------------------------------------
 01   17,1   18,6  12:04   15,5  07:43    1,2    0,0    0,0    0,1    1,7  03:12     32
 02   16,5   20,0  13:24   14,0  06:48    1,8    0,0    0,0    0,1    2,4  11:04    309
 03   15,3   19,4  16:46   12,6  06:33    3,0    0,0    3,6    0,1    2,4  14:15     32
 04   15,2   20,1  16:36   11,4  06:23    3,1    0,0    0,3    0,0    1,4  05:38    259
 05   16,7   22,2  16:36   12,1  06:29    1,6    0,0    0,0    0,1    2,7  12:10    355
 06   16,7   20,5  15:19   14,7  22:57    1,6    0,0    9,3    0,5    3,4  17:10     23
 07   14,9   17,0  17:31   12,8  06:43    3,5    0,0    0,6    1,1    3,7  06:33     31
 08   14,9   16,8  13:50   13,5  04:23    3,4    0,0    0,6    0,6    5,1  15:00     16
 09   15,6   17,4  17:42   14,7  01:43    2,8    0,0    2,1    0,5    3,7  09:05    328
 10   16,4   20,2  15:37   14,1  06:44    1,9    0,0    0,0    0,3    2,7  13:36     11
 11   15,8   18,9  12:11   13,2  05:35    2,6    0,0    0,0    0,7    4,8  13:57     20
 12   15,5   18,5  16:28   12,6  06:20    2,9    0,0    0,0    0,8    4,8  11:21     31
 13   14,5   18,3  15:03   11,8  06:26    3,9    0,0    3,3    1,5    9,5  16:48     32
 14   13,6   15,4  13:13   11,9  23:48    4,7    0,0    3,3    1,3    6,5  17:04     35
 15   13,2   17,1  15:39   11,3  01:11    5,1    0,0    0,9    0,8    3,7  06:47     26
 16   12,8   17,2  16:25    9,0  06:53    5,5    0,0    0,0    0,1    2,7  12:59     74
 17   13,2   18,0  15:35    9,5  06:54    5,2    0,0    0,0    0,0    1,0  12:40    310
 18   13,4   17,6  15:41   10,9  07:44    4,9    0,0    0,0    0,2    2,4  09:10     31
 19   13,0   17,6  16:01    9,1  07:04    5,3    0,0    0,0    0,1    2,7  11:35     33
 20   13,6   17,6  16:12   10,5  05:05    4,8    0,0    0,0    0,3    3,1  15:52    343
 21   14,3   17,1  12:57   12,5  07:36    4,0    0,0    0,0    0,1    1,7  00:59     20
 22   14,4   18,3  16:08   12,3  03:15    3,9    0,0    0,0    0,0    1,7  11:57     35
 23   12,9   15,7  13:36    9,8  06:36    5,5    0,0    6,3    0,0    1,7  16:29    278
 24   14,4   15,9  17:09   13,1  00:35    3,9    0,0    3,9    0,0    2,0  03:46    314
 25   14,4   15,0  14:09   13,6  07:36    4,0    0,0    0,3    0,1    1,7  15:44    262
 26   15,0   17,8  14:54   13,2  04:52    3,4    0,0    0,0    0,3    2,7  17:25    255
 27   15,5   18,5  14:39   13,7  06:53    2,9    0,0    0,6    0,2    1,7  14:14    256
 28   16,1   19,1  15:15   13,5  08:12    2,2    0,0    0,0    0,2    1,4  02:42    261
 29   17,0   21,2  15:55   14,5  07:58    1,4    0,0    0,0    0,2    2,4  14:55    269
 30   15,7   20,2  16:06   12,0  07:34    2,6    0,0    0,0    0,2    3,1  14:00    282
---------------------------------------------------------------------------------------
      14,9   22,2     05    9,0     16  102,5    0,0   35,1    0,3    9,5     13      8
    

