                   MONTHLY CLIMATOLOGICAL SUMMARY for Jan 2018


NAME: Tegel-Süd, Berlin, Germany                  
ELEV: 48 meter    LAT: 52-34.35 N    LONG: 013-16.03 E


                   TEMPERATURE (°C), RAIN (mm), WIND SPEED (m/s)

                                         HEAT   COOL         AVG
      MEAN                               DEG    DEG          WIND                   DOM
DAY   TEMP   HIGH   TIME    LOW   TIME   DAYS   DAYS   RAIN  SPEED   HIGH   TIME    DIR
---------------------------------------------------------------------------------------
 01    8,8   12,0  00:08    4,9  21:53    9,5    0,0    0,3    1,4   11,6  07:35     25
 02    5,3    6,2  14:52    4,1  23:54   13,0    0,0    4,8    0,4    3,7  18:17     24
 03    5,5    7,2  14:47    3,3  01:29   12,9    0,0   14,7    1,6   10,9  21:43     30
 04    6,8    7,9  13:28    6,3  07:46   11,5    0,0    2,7    1,6    8,2  01:49     25
 05    7,0    8,6  14:34    4,5  21:11   11,4    0,0    1,2    1,3    6,1  14:19     24
 06    5,6    8,1  13:48    4,2  06:33   12,7    0,0    0,0    0,3    3,7  13:24     22
 07    2,7    5,0  00:01   -0,4  23:28   15,6    0,0    0,0    0,4    3,7  13:09    357
 08   -0,2    3,2  13:53   -2,4  08:36   18,5    0,0    0,0    0,5    4,4  14:53    280
 09    2,7    5,3  13:34   -0,6  01:15   15,7    0,0    0,0    1,1    4,8  12:44    280
 10    3,9    6,8  13:51    3,1  09:00   14,5    0,0    0,0    0,2    2,7  00:03    304
 11    3,3    4,1  13:46    2,5  03:19   15,0    0,0    3,9    0,0    2,0  21:53    228
 12    2,6    3,3  00:13    2,0  23:28   15,7    0,0    0,0    0,5    3,1  07:00    282
 13    1,3    2,0  00:03    0,9  10:46   17,0    0,0    0,0    1,2    4,8  16:37    295
 14   -0,1    1,3  00:04   -1,3  21:11   18,4    0,0    0,0    0,8    4,4  18:58    285
 15    1,3    3,9  13:16   -1,1  00:02   17,1    0,0    0,0    1,5    6,5  21:24    333
 16    3,2    5,2  11:22    1,2  03:40   15,2    0,0    5,7    1,2    5,1  00:00     12
 17    2,0    2,6  00:00    1,3  05:11   16,4    0,0    3,0    1,1    4,4  19:14     41
 18    2,9    5,4  15:23    1,6  11:27   15,4    0,0    7,2    1,8   11,2  19:32     35
 19    3,1    4,0  14:18    2,3  23:46   15,2    0,0    0,0    0,4    5,1  01:44     25
 20    2,4    4,1  13:49    1,3  21:05   15,9    0,0    0,3    0,3    3,4  11:28     28
 21    1,7    2,5  13:23    0,9  01:26   16,7    0,0    0,0    0,1    2,0  22:15    332
 22    1,5    2,9  14:19    0,7  03:52   16,8    0,0    0,0    1,1    4,1  16:10    330
 23    3,1    5,7  22:44    1,2  00:01   15,2    0,0    0,6    0,4    3,7  23:34    347
 24    8,8   10,9  11:53    5,6  00:00    9,5    0,0    0,9    1,4    5,4  22:46      4
 25    9,5   10,8  06:02    8,4  20:20    8,8    0,0    3,9    0,8    6,1  05:42     27
 26    7,8    8,4  00:01    7,1  23:01   10,5    0,0    4,5    0,0    1,0  00:26    117
 27    6,5    8,0  15:05    5,7  22:16   11,8    0,0    0,3    0,4    3,7  23:07    346
 28    7,7    9,3  18:51    6,0  05:48   10,6    0,0    1,8    2,0    6,8  23:42     46
 29    9,5   11,0  13:55    6,3  23:57    8,8    0,0    4,2    2,1    7,8  14:40     48
 30    5,8    6,3  00:02    5,5  03:43   12,5    0,0    0,0    2,0    6,1  01:22     60
 31
---------------------------------------------------------------------------------------
       4,4   12,0     01   -2,4     08  418,1    0,0   60,0    0,9   11,6     01      2
    

