                   MONTHLY CLIMATOLOGICAL SUMMARY for Feb 2018


NAME: Tegel-Süd, Berlin, Germany                  
ELEV: 48 meter    LAT: 52-34.35 N    LONG: 013-16.03 E


                   TEMPERATURE (°C), RAIN (mm), WIND SPEED (m/s)

                                         HEAT   COOL         AVG
      MEAN                               DEG    DEG          WIND                   DOM
DAY   TEMP   HIGH   TIME    LOW   TIME   DAYS   DAYS   RAIN  SPEED   HIGH   TIME    DIR
---------------------------------------------------------------------------------------
 01    4,7    7,7  14:41    2,6  22:10   13,6    0,0    0,3    0,9    4,1  11:16      4
 02    3,7    5,5  12:09    0,9  06:22   14,7    0,0    0,0    0,9    5,1  14:20      1
 03    2,3    3,8  00:02    0,8  19:06   16,1    0,0    0,9    0,3    2,7  09:19     49
 04    1,4    4,1  12:29   -1,0  07:58   16,9    0,0    0,0    0,1    1,4  10:34     15
 05    0,9    4,5  14:15   -1,9  23:52   17,4    0,0    0,3    0,2    2,7  11:19    307
 06   -0,9    2,6  15:10   -3,8  05:53   19,3    0,0    0,0    0,2    2,7  15:46    304
 07    0,3    4,4  14:25   -2,1  23:48   18,0    0,0    0,0    0,2    2,0  13:50    309
 08   -3,6   -2,2  00:12   -4,8  07:35   22,0    0,0    0,0    0,0    0,7  01:33    315
 09
 10
 11
 12
 13
 14
 15
 16
 17
 18
 19
 20
 21
 22
 23
 24
 25
 26
 27
 28
---------------------------------------------------------------------------------------
       1,5    7,7     01   -4,8     08  137,9    0,0    1,5    0,4    5,1     02    352
    

