                   MONTHLY CLIMATOLOGICAL SUMMARY for Jul 2018


NAME: Tegel-Süd, Berlin, Germany                  
ELEV: 48 meter    LAT: 52-34.35 N    LONG: 013-16.03 E


                   TEMPERATURE (°C), RAIN (mm), WIND SPEED (m/s)

                                         HEAT   COOL         AVG
      MEAN                               DEG    DEG          WIND                   DOM
DAY   TEMP   HIGH   TIME    LOW   TIME   DAYS   DAYS   RAIN  SPEED   HIGH   TIME    DIR
---------------------------------------------------------------------------------------
 01   18,0   22,9  14:07   13,0  05:05    0,3    0,0    0,0    0,3    3,1  13:32    274
 02   18,5   24,0  16:38   12,3  04:45    0,0    0,2    0,0    0,1    2,4  15:38    328
 03   21,2   27,7  17:13   13,9  05:31    0,0    2,9    0,0    0,2    2,7  11:32    297
 04   23,8   30,2  16:23   17,1  05:31    0,0    5,5    0,0    0,1    3,1  15:03      7
 05   24,6   30,5  15:18   19,2  05:31    0,0    6,3    0,0    0,2    3,4  17:44     55
 06   20,3   23,3  16:29   18,0  04:26    0,0    2,0    0,0    0,6    4,4  17:54     18
 07   20,1   25,9  15:44   14,0  05:27    0,0    1,8    0,0    0,7    3,7  14:19      3
 08   20,8   26,5  16:49   16,5  06:32    0,0    2,4    0,0    0,4    2,7  06:27     25
 09   20,6   23,7  12:59   17,6  06:02    0,0    2,3    0,0    0,5    4,1  13:19     20
 10   18,6   21,7  12:13   16,1  05:36    0,0    0,3    0,9    0,1    2,0  14:03    354
 11   18,1   24,0  14:54   15,4  01:49    0,2    0,0   12,6    0,1    2,4  17:14     58
 12   17,0   18,4  15:25   15,2  05:58    1,3    0,0   29,1    0,4    2,7  10:19     26
 13
 14
 15
 16
 17
 18
 19
 20
 21
 22
 23
 24
 25
 26
 27
 28
 29
 30
 31
---------------------------------------------------------------------------------------
      20,1   30,5     05   12,3     02    1,9   23,6   42,6    0,3    4,4     06      5
    

