                   MONTHLY CLIMATOLOGICAL SUMMARY for Apr 2017


NAME: Tegel-Süd, Berlin, Germany                  
ELEV: 48 meter    LAT: 52-34.35 N    LONG: 013-16.03 E


                   TEMPERATURE (°C), RAIN (mm), WIND SPEED (m/s)

                                         HEAT   COOL         AVG
      MEAN                               DEG    DEG          WIND                   DOM
DAY   TEMP   HIGH   TIME    LOW   TIME   DAYS   DAYS   RAIN  SPEED   HIGH   TIME    DIR
---------------------------------------------------------------------------------------
 01
 02   15,8   19,5  16:38   12,6  23:47    2,5    0,0    0,0    0,2    2,4  16:18    113
 03   11,7   13,1  16:40   10,0  05:59    6,6    0,0    0,0    0,1    3,1  11:51    116
 04   11,6   14,8  14:10    9,0  01:51    6,7    0,0    0,0    0,1    2,0  13:19    303
 05   11,8   16,2  13:36    8,5  23:50    6,5    0,0    0,0    0,7    4,8  14:51     84
 06   10,7   15,2  15:02    6,3  07:30    7,6    0,0    0,0    1,2    5,1  13:07     60
 07    9,9   11,8  17:49    8,1  05:59    8,4    0,0    0,0    1,2    5,1  09:05     67
 08   12,1   16,6  14:30    9,2  06:00    6,2    0,0    0,0    0,5    3,4  00:05     38
 09   15,4   20,6  14:10   11,0  06:17    3,0    0,0    0,0    0,3    3,7  15:01     48
 10   14,0   22,6  11:52    9,4  23:56    4,3    0,0    0,0    1,0    5,8  12:02     70
 11    9,6   13,0  15:55    6,7  06:32    8,8    0,0    0,6    1,2    5,1  14:50     56
 12    9,6   12,9  15:06    7,9  06:39    8,7    0,0    9,0    1,3    5,8  12:01     60
 13    9,8   13,3  15:23    6,8  06:26    8,5    0,0    1,5    1,4    6,1  09:32     39
 14    9,8   14,4  16:39    5,6  05:58    8,6    0,0    0,0    1,2    5,8  17:50     43
 15    9,0   11,3  14:36    6,3  23:58    9,4    0,0    6,3    1,1    6,8  20:03     36
 16    7,3   10,8  11:46    5,4  03:19   11,0    0,0    1,8    0,8    4,4  00:54     69
 17    7,8   14,5  15:53    4,9  06:20   10,5    0,0   20,7    0,4    2,7  03:20     41
 18    7,2   12,0  13:02    5,0  08:21   11,2    0,0    0,0    0,5    3,7  18:18    342
 19    5,8   10,4  12:43    1,8  06:17   12,6    0,0    0,0    0,5    3,7  11:08     42
 20    7,2   13,9  12:33    1,5  04:11   11,2    0,0    0,0    0,2    2,4  16:29     77
 21   10,6   15,6  14:48    6,4  04:52    7,7    0,0    0,6    1,4    6,8  19:51     44
 22    8,7   12,4  12:34    6,1  06:36    9,6    0,0    2,4    1,3    6,1  13:40     74
 23    7,1   10,8  11:20    5,2  04:03   11,2    0,0    3,0    1,1    5,4  10:45     81
 24    9,6   15,0  15:42    3,2  06:10    8,7    0,0    0,0    1,2    6,8  14:37     47
 25    9,5   12,0  15:33    6,2  23:59    8,9    0,0    1,2    0,7    7,1  15:08     43
 26    9,2   15,3  13:32    3,3  06:06    9,2    0,0    0,0    0,3    3,7  12:22     53
 27    9,8   16,4  12:38    3,5  06:11    8,6    0,0    0,0    0,3    3,7  13:28     34
 28   10,8   15,9  10:17    4,8  06:16    7,5    0,0    0,0    0,1    2,0  15:33      9
 29    9,5   12,8  15:24    5,8  23:46    8,9    0,0    1,5    0,5    4,4  13:09     50
 30   10,2   16,1  14:19    3,8  04:27    8,1    0,0    0,0    0,9    4,8  22:31    292
---------------------------------------------------------------------------------------
       9,9   22,6     10    1,5     20  240,7    0,0   48,6    0,8    7,1     25     50
    

