                   MONTHLY CLIMATOLOGICAL SUMMARY for Jun 2017


NAME: Tegel-Süd, Berlin, Germany                  
ELEV: 48 meter    LAT: 52-34.35 N    LONG: 013-16.03 E


                   TEMPERATURE (°C), RAIN (mm), WIND SPEED (m/s)

                                         HEAT   COOL         AVG
      MEAN                               DEG    DEG          WIND                   DOM
DAY   TEMP   HIGH   TIME    LOW   TIME   DAYS   DAYS   RAIN  SPEED   HIGH   TIME    DIR
---------------------------------------------------------------------------------------
 01   18,2   23,9  15:07   12,3  05:50    0,1    0,0    0,0    0,6    3,4  10:16     19
 02   20,7   27,4  16:28   13,6  05:24    0,0    2,4    0,0    0,2    3,1  11:11    312
 03   18,7   22,2  10:37   15,3  05:11    0,0    0,4    1,8    0,1    1,7  11:02    300
 04   17,5   19,1  00:05   14,7  23:55    0,8    0,0   12,0    0,3    4,1  15:43     19
 05   17,3   22,9  13:33   13,8  03:11    1,1    0,0    3,9    0,1    3,1  18:24    337
 06   18,4   24,9  14:24   14,7  00:00    0,0    0,1    8,1    0,3    5,1  18:09    334
 07   15,7   19,5  15:29   12,5  07:27    2,6    0,0    1,5    1,5    8,5  13:19     46
 08   16,9   19,9  18:10   13,8  04:02    1,4    0,0    0,0    0,8    5,8  09:18     50
 09   21,2   28,9  14:20   15,5  04:22    0,0    2,9    0,6    0,5    5,4  19:26     11
 10   19,7   24,6  16:36   15,4  06:14    0,0    1,4    0,3    0,3    3,4  16:46     24
 11   23,1   29,6  15:36   16,6  06:09    0,0    4,8    0,9    0,4    4,1  15:06     55
 12   21,1   24,6  12:21   18,0  23:58    0,0    2,7    0,6    1,0    5,4  19:02     22
 13   17,9   20,5  15:32   16,3  05:44    0,5    0,0    0,0    1,1    5,8  08:30     28
 14   18,4   23,6  15:57   13,4  05:25    0,0    0,1    0,0    0,4    2,7  12:21     49
 15   21,9   27,9  14:42   14,6  04:50    0,0    3,6    0,0    0,1    2,7  13:02     43
 16   18,4   22,1  13:02   15,6  23:54    0,0    0,1    6,0    0,9    6,1  13:57     35
 17   17,8   22,8  17:28   14,1  03:35    0,5    0,0    0,0    1,0    5,8  10:57     38
 18   20,9   27,2  16:03   14,7  04:31    0,0    2,6    0,0    0,2    3,1  12:18     40
 19   24,7   31,1  15:46   17,9  04:42    0,0    6,3    0,0    0,1    2,4  14:20     69
 20   24,7   30,2  13:11   19,8  05:54    0,0    6,4    0,0    0,3    4,4  14:17      6
 21   21,5   26,2  17:08   16,0  05:24    0,0    3,2    0,0    0,2    2,7  09:36     50
 22   20,9   29,0  12:37   16,7  05:36    0,0    2,6   14,1    0,3    5,8  22:04     36
 23   19,7   22,3  18:06   17,2  05:12    0,0    1,3    3,3    0,7    5,1  09:58    358
 24   19,8   21,7  15:46   17,8  06:49    0,0    1,5    0,0    0,7    4,1  08:40     33
 25   19,1   23,9  13:41   16,7  23:34    0,0    0,7    2,7    0,9    5,1  13:46     27
 26   17,6   20,6  18:08   14,3  09:06    0,7    0,0    6,0    0,5    5,1  16:02     32
 27   18,4   23,5  17:14   12,7  05:21    0,0    0,1    0,0    0,0    1,7  15:24    303
 28   21,3   27,3  14:39   15,5  05:07    0,0    3,0    0,0    0,2    3,1  19:15    261
 29   19,3   21,3  09:33   17,0  22:51    0,0    0,9   95,7    0,5    6,5  23:01    357
 30   16,1   18,2  15:00   14,8  21:16    2,3    0,0   30,6    1,3    6,5  01:37     52
---------------------------------------------------------------------------------------
      19,6   31,1     19   12,3     01   10,0   46,9  188,1    0,5    8,5     07     31
    

