                   MONTHLY CLIMATOLOGICAL SUMMARY for Jan 2019


NAME: Tegel-Süd, Berlin, Germany                  
ELEV: 48 meter    LAT: 52-34.35 N    LONG: 013-16.03 E


                   TEMPERATURE (°C), RAIN (mm), WIND SPEED (m/s)

                                         HEAT   COOL         AVG
      MEAN                               DEG    DEG          WIND                   DOM
DAY   TEMP   HIGH   TIME    LOW   TIME   DAYS   DAYS   RAIN  SPEED   HIGH   TIME    DIR
---------------------------------------------------------------------------------------
 01    7,0    8,6  13:54    4,5  23:51   11,3    0,0    1,2    1,9    9,2  20:56     72
 02    2,9    4,4  00:01   -0,3  23:46   15,4    0,0    0,3    1,1    6,1  08:58     80
 03    0,4    2,4  14:00   -0,6  21:36   17,9    0,0    0,0    0,4    3,1  06:48     78
 04    2,3    5,0  23:22   -0,1  00:02   16,1    0,0    0,6    0,8    3,7  11:24     50
 05    6,3    7,9  12:45    3,4  23:02   12,1    0,0    1,2    0,6    3,4  00:27     82
 06    3,3    5,2  14:36    2,1  23:48   15,0    0,0    0,0    0,1    2,4  01:53     94
 07    2,9    5,9  13:06    1,7  00:54   15,4    0,0    2,1    0,1    1,7  13:11     80
 08
 09
 10
 11
 12
 13
 14
 15
 16
 17
 18
 19
 20
 21
 22
 23
 24
 25
 26
 27
 28
 29
 30
 31
---------------------------------------------------------------------------------------
       3,6    8,6     01   -0,6     03  103,2    0,0    5,4    0,7    9,2     01     72
    

