                   MONTHLY CLIMATOLOGICAL SUMMARY for Mär 2018


NAME: Tegel-Süd, Berlin, Germany                  
ELEV: 48 meter    LAT: 52-34.35 N    LONG: 013-16.03 E


                   TEMPERATURE (°C), RAIN (mm), WIND SPEED (m/s)

                                         HEAT   COOL         AVG
      MEAN                               DEG    DEG          WIND                   DOM
DAY   TEMP   HIGH   TIME    LOW   TIME   DAYS   DAYS   RAIN  SPEED   HIGH   TIME    DIR
---------------------------------------------------------------------------------------
 01   -6,2   -2,2  15:12   -9,4  07:11   24,5    0,0    0,0    1,1    4,4  13:22    269
 02   -5,8   -0,9  16:02   -9,9  06:56   24,1    0,0    0,0    0,8    5,8  11:01    286
 03   -4,6    0,1  15:45   -8,9  06:48   22,9    0,0    0,0    0,7    4,1  15:25    291
 04   -1,1    5,0  15:57   -6,2  05:54   19,4    0,0    0,0    0,9    4,1  11:06    295
 05    3,3    9,9  15:02   -0,9  02:19   15,0    0,0    0,0    0,5    3,1  15:37    319
 06    2,6    6,9  13:11   -0,6  06:50   15,7    0,0    3,3    0,2    2,0  13:46    284
 07    2,1    2,8  11:50    1,3  05:09   16,2    0,0    3,9    0,3    2,7  15:26     59
 08    4,8   10,2  16:31    2,0  04:24   13,5    0,0    1,5    0,7    4,8  11:00     28
 09
 10
 11
 12
 13
 14
 15
 16
 17
 18
 19
 20
 21
 22
 23
 24
 25
 26
 27
 28
 29
 30
 31
---------------------------------------------------------------------------------------
      -0,7   10,2     08   -9,9     02  151,4    0,0    8,7    0,6    5,8     02    298
    

