                   MONTHLY CLIMATOLOGICAL SUMMARY for Okt 2017


NAME: Tegel-Süd, Berlin, Germany                  
ELEV: 48 meter    LAT: 52-34.35 N    LONG: 013-16.03 E


                   TEMPERATURE (°C), RAIN (mm), WIND SPEED (m/s)

                                         HEAT   COOL         AVG
      MEAN                               DEG    DEG          WIND                   DOM
DAY   TEMP   HIGH   TIME    LOW   TIME   DAYS   DAYS   RAIN  SPEED   HIGH   TIME    DIR
---------------------------------------------------------------------------------------
 01   14,2   15,3  00:02   13,1  23:57    4,1    0,0    1,5    0,1    1,4  01:37    341
 02   13,0   14,8  12:36   11,5  06:59    5,3    0,0    8,7    0,6    4,4  10:45     23
 03   13,3   15,6  17:00   11,8  23:43    5,0    0,0    1,8    0,8    4,1  14:36     31
 04   12,5   13,8  12:31   11,2  06:00    5,8    0,0    0,0    1,6    7,8  14:22     28
 05   11,4   13,5  15:57    9,6  19:58    6,9    0,0   13,8    1,7    7,5  00:19     54
 06   10,6   12,6  14:47    9,5  22:54    7,7    0,0    1,8    1,0    5,1  00:09     10
 07   10,5   12,4  14:18    9,4  01:48    7,8    0,0    5,4    1,3    5,1  10:42     29
 08   10,9   13,9  16:19    8,2  23:43    7,5    0,0    7,8    0,6    4,4  00:20     10
 09    9,0   12,8  14:21    6,2  06:54    9,4    0,0    3,0    0,5    3,7  11:55    360
 10   11,2   13,1  23:48    9,5  00:03    7,1    0,0    3,0    0,5    3,4  15:37     18
 11   14,0   15,4  15:27   13,1  00:04    4,4    0,0    0,9    1,0    5,8  12:21     12
 12   14,1   16,1  15:57   12,1  23:44    4,3    0,0    0,3    1,4    7,1  12:36     31
 13   12,6   15,4  15:47   10,5  07:51    5,7    0,0    0,0    0,5    4,4  00:59      9
 14   15,0   17,7  16:38   11,8  00:19    3,3    0,0    0,0    0,4    4,4  14:38     11
 15   15,7   20,7  16:29   12,8  07:37    2,6    0,0    0,0    0,1    2,0  12:28     54
 16   15,7   20,5  15:34   11,9  08:00    2,6    0,0    0,0    0,2    2,7  13:59     13
 17   15,9   20,3  15:40   13,2  08:33    2,4    0,0    0,0    0,2    2,4  12:04    359
 18   14,4   18,0  15:05   12,5  06:58    4,0    0,0    0,0    0,0    1,0  13:20     59
 19   13,3   16,7  15:41   11,1  07:24    5,0    0,0    0,0    0,0    2,0  14:15    343
 20   13,6   15,8  13:46   11,9  07:24    4,7    0,0    1,8    0,1    2,7  13:31    323
 21   12,5   13,4  15:31   11,7  07:15    5,9    0,0    0,6    0,0    1,4  10:45      0
 22   12,3   13,8  14:21   11,2  23:18    6,0    0,0    4,2    0,7    4,1  12:21     26
 23   11,1   12,0  16:12   10,4  07:25    7,2    0,0    0,3    0,3    2,4  10:41     21
 24   11,4   13,5  15:38    9,1  03:40    7,0    0,0    0,3    0,1    3,7  20:19    360
 25   14,3   16,8  14:52   12,8  00:48    4,1    0,0   12,0    0,9    5,4  14:07     24
 26   12,8   14,2  14:53   11,4  06:56    5,6    0,0    0,0    0,6    3,4  12:12    359
 27   11,4   12,8  14:53    9,7  22:10    6,9    0,0    0,6    0,9    4,4  05:26     43
 28   10,5   11,4  15:12    9,5  06:07    7,9    0,0    0,6    1,9    7,5  09:18     33
 29    8,3   11,6  02:22    6,0  00:00   10,0    0,0   11,7    1,5    8,5  07:28     88
 30    6,7    9,2  14:46    5,2  07:24   11,6    0,0    0,0    0,6    4,4  13:10     44
 31    7,7    9,7  14:26    5,3  00:08   10,6    0,0    0,0    0,5    3,4  11:50     41
---------------------------------------------------------------------------------------
      12,3   20,7     15    5,2     30  188,4    0,0   80,1    0,7    8,5     29     25
    

