                   MONTHLY CLIMATOLOGICAL SUMMARY for Mai 2017


NAME: Tegel-Süd, Berlin, Germany                  
ELEV: 48 meter    LAT: 52-34.35 N    LONG: 013-16.03 E


                   TEMPERATURE (°C), RAIN (mm), WIND SPEED (m/s)

                                         HEAT   COOL         AVG
      MEAN                               DEG    DEG          WIND                   DOM
DAY   TEMP   HIGH   TIME    LOW   TIME   DAYS   DAYS   RAIN  SPEED   HIGH   TIME    DIR
---------------------------------------------------------------------------------------
 01   12,4   18,4  12:14    6,4  05:57    6,0    0,0    0,0    1,1    5,4  11:44    286
 02   11,1   13,1  00:02    9,8  06:43    7,3    0,0    1,8    1,1    5,1  10:14    283
 03   13,1   18,2  15:11    9,5  07:09    5,2    0,0    0,0    0,5    3,4  13:20    298
 04   10,1   12,9  00:03    9,0  08:10    8,2    0,0    6,3    0,2    2,4  11:35    358
 05   11,3   14,0  18:36    9,4  03:12    7,0    0,0    0,3    0,0    1,4  02:39    347
 06   13,8   18,1  14:47   10,2  03:24    4,5    0,0    0,0    0,2    2,0  06:15    277
 07   14,9   20,9  14:52   10,6  04:35    3,5    0,0    0,0    0,2    2,7  15:27    304
 08   10,5   13,3  00:04    6,9  23:54    7,8    0,0    0,3    0,3    3,4  12:12     46
 09    8,6   14,9  12:07    5,2  02:25    9,7    0,0    0,6    0,3    3,4  15:33     11
 10    9,8   14,0  16:58    7,2  05:31    8,5    0,0    0,3    0,6    4,1  13:18     56
 11   14,3   21,7  15:44    5,6  05:01    4,1    0,0    0,0    0,3    3,1  15:54    312
 12   17,8   25,5  15:54   10,2  05:21    0,6    0,0    0,0    0,5    3,7  13:18    289
 13   16,7   20,9  15:49   14,0  04:22    1,6    0,0    0,6    0,0    1,4  15:44    280
 14   17,9   24,8  11:54   13,4  05:32    0,5    0,0    0,0    0,2    2,4  14:24    113
 15   17,8   23,0  14:49   13,9  02:02    0,5    0,0    0,0    0,4    4,1  13:24     19
 16   17,0   19,9  10:44   11,9  05:53    1,3    0,0   27,9    0,0    1,7  08:33    268
 17   22,2   28,3  14:50   16,4  05:58    0,0    3,9    0,0    0,1    2,0  18:16    309
 18   24,2   30,4  15:05   18,0  04:49    0,0    5,9    0,0    0,4    4,8  13:55     95
 19   25,4   32,1  15:14   18,5  05:11    0,0    7,1    0,0    0,3    3,4  23:16    284
 20   18,6   21,8  00:01   15,3  06:36    0,0    0,2    0,0    0,9    5,1  01:42     60
 21   19,0   24,7  14:20   13,8  05:39    0,0    0,7    0,0    0,2    2,4  10:15     23
 22   19,3   25,0  15:57   13,4  05:54    0,0    1,0    0,0    0,1    1,7  15:37    261
 23   20,2   27,2  14:22   14,5  05:30    0,0    1,9    5,4    0,3    3,1  14:47     37
 24   14,9   17,2  15:38   12,8  04:48    3,4    0,0    0,0    0,6    5,1  11:12     15
 25   15,3   19,8  17:34   11,7  05:46    3,0    0,0    0,0    0,4    4,4  12:13     34
 26   18,2   24,9  17:39   13,2  02:51    0,2    0,0    0,0    0,2    3,1  10:33     14
 27   22,1   28,8  15:19   14,5  05:22    0,0    3,7    0,0    0,2    2,0  16:04    295
 28   25,1   32,1  14:59   17,8  05:52    0,0    6,8    0,0    0,5    4,1  12:44     21
 29   25,9   31,7  15:05   20,4  05:28    0,0    7,6    0,0    0,2    2,4  11:09     42
 30   23,2   30,6  11:15   20,2  13:50    0,0    4,9   18,3    0,2    4,1  13:00     59
 31   20,5   24,3  15:22   16,7  23:58    0,0    2,2    0,0    1,0    5,8  11:21     30
---------------------------------------------------------------------------------------
      17,1   32,1     19    5,2     09   82,8   45,9   61,8    0,4    5,8     31    333
    

