                   MONTHLY CLIMATOLOGICAL SUMMARY for Mär 2019


NAME: Tegel-Süd, Berlin, Germany                  
ELEV: 48 meter    LAT: 52-34.35 N    LONG: 013-16.03 E


                   TEMPERATURE (°C), RAIN (mm), WIND SPEED (m/s)

                                         HEAT   COOL         AVG
      MEAN                               DEG    DEG          WIND                   DOM
DAY   TEMP   HIGH   TIME    LOW   TIME   DAYS   DAYS   RAIN  SPEED   HIGH   TIME    DIR
---------------------------------------------------------------------------------------
 01    6,1    7,3  15:09    4,7  23:06   12,3    0,0    0,0    0,1    1,7  14:04     60
 02    5,3    7,0  14:01    4,3  03:23   13,0    0,0    0,0    0,3    4,8  15:01     42
 03    8,9   11,2  15:23    5,3  00:09    9,4    0,0    3,3    1,5    6,1  15:28     23
 04   10,0   14,4  12:12    7,2  18:29    8,4    0,0    4,2    2,1   11,6  12:17     36
 05    7,1    9,6  15:14    4,3  23:41   11,3    0,0    1,5    1,8    9,9  06:27     63
 06    7,8   12,9  14:40    1,8  06:33   10,5    0,0    0,3    1,0    5,1  12:09    340
 07    9,4   10,2  00:32    8,7  02:52    8,9    0,0    0,6    0,5    2,0  00:27    342
 08
 09
 10
 11
 12
 13
 14
 15
 16
 17
 18
 19
 20
 21
 22
 23
 24
 25
 26
 27
 28
 29
 30
 31
---------------------------------------------------------------------------------------
       7,6   14,4     04    1,8     06   73,8    0,0    9,9    1,1   11,6     04     31
    

