                   MONTHLY CLIMATOLOGICAL SUMMARY for Okt 2018


NAME: Tegel-Süd, Berlin, Germany                  
ELEV: 48 meter    LAT: 52-34.35 N    LONG: 013-16.03 E


                   TEMPERATURE (°C), RAIN (mm), WIND SPEED (m/s)

                                         HEAT   COOL         AVG
      MEAN                               DEG    DEG          WIND                   DOM
DAY   TEMP   HIGH   TIME    LOW   TIME   DAYS   DAYS   RAIN  SPEED   HIGH   TIME    DIR
---------------------------------------------------------------------------------------
 01    9,7   13,8  12:32    6,4  07:36    8,6    0,0    3,0    0,3    4,4  22:44      7
 02    8,3   10,2  23:14    6,0  07:36   10,0    0,0    2,7    1,4    5,4  17:33     42
 03   11,4   14,8  16:13    9,8  23:55    7,0    0,0    0,9    1,4    6,1  13:48     20
 04   11,4   14,2  16:29    8,9  06:37    6,9    0,0    0,0    0,6    3,7  15:14     34
 05   14,9   20,2  15:24   11,9  08:36    3,4    0,0    0,0    0,2    2,7  13:59      2
 06   15,3   21,3  16:05   11,1  07:36    3,1    0,0    0,0    0,2    3,4  13:04     78
 07   13,0   16,1  00:01    8,2  23:46    5,3    0,0    0,0    0,3    3,4  09:23      1
 08   10,0   16,2  16:30    5,4  07:08    8,4    0,0    0,0    0,1    2,0  12:34      4
 09   11,5   17,0  16:59    7,2  05:36    6,8    0,0    0,0    0,0    2,0  11:43     80
 10   15,4   22,6  16:35    9,8  07:38    2,9    0,0    0,0    0,1    2,0  16:00    258
 11   18,0   23,6  16:35   14,2  05:43    0,3    0,0    0,0    0,3    3,7  12:29    271
 12   17,9   24,5  16:39   14,1  07:40    0,4    0,0    0,0    0,1    2,4  14:33     20
 13   17,9   24,6  15:44   13,0  07:07    0,4    0,0    0,0    0,1    2,0  14:09    299
 14   18,2   23,7  16:35   14,4  08:08    0,1    0,0    0,0    0,3    3,1  13:54    299
 15   17,2   21,8  16:15   14,1  08:13    1,2    0,0    0,0    0,1    2,4  10:39     66
 16   14,9   20,9  15:45   10,8  07:48    3,5    0,0    0,0    0,0    1,4  12:19    337
 17   13,8   20,5  15:45    9,6  08:13    4,5    0,0    0,0    0,0    1,4  13:44     83
 18   12,3   14,4  12:40    9,5  08:09    6,1    0,0    0,0    0,1    2,0  12:30      5
 19   11,3   15,6  16:36    7,3  23:57    7,1    0,0    0,0    0,1    2,0  12:55    357
 20    9,4   12,5  13:10    6,5  02:13    8,9    0,0    0,0    0,2    3,4  12:50     20
 21    9,8   15,3  15:48    6,0  08:11    8,5    0,0    0,0    0,1    2,4  12:52     19
 22    9,2   12,1  15:39    6,8  22:30    9,1    0,0    3,0    0,2    2,4  07:47     63
 23    6,7    6,9  00:01    6,5  01:31   11,6    0,0    0,0    0,6    2,0  00:46     65
 24
 25
 26
 27
 28
 29
 30
 31
---------------------------------------------------------------------------------------
      13,2   24,6     13    5,4     08  124,1    0,0    9,6    0,3    6,1     03     15
    

