                     CLIMATOLOGICAL SUMMARY for year 2019


NAME: Tegel-Süd, Berlin, Germany                  
ELEV: 48 meter    LAT: 52-34.35 N    LONG: 013-16.03 E


                                       TEMPERATURE (°C)

                              HEAT    COOL                              MAX    MAX    MIN    MIN
          MEAN   MEAN         DEG     DEG                                >=     <=     <=     <=
 YR  MO   MAX    MIN    MEAN  DAYS    DAYS      HI  DAY     LOW  DAY     30      0      0    -20
------------------------------------------------------------------------------------------------
2019 01    4,4    0,7    2,4  492,5    0,0     8,6   01    -5,2   23      0      3     14      0
2019 02    2,4   -1,5    0,7   17,6    0,0     2,4   01    -1,5   01      0      0      1      0
2019 03
2019 04
2019 05
2019 06
2019 07
2019 08
2019 09
2019 10
2019 11
2019 12
------------------------------------------------------------------------------------------------
           4,4    0,6    2,4  510,1    0,0     8,6  Jan    -5,2  Jan      0      3     15      0


                  PRECIPITATION (mm)

                  MAX         ---DAYS OF RAIN---
                  OBS.               OVER
 YR  MO  TOTAL    DAY  DATE   0.30   3.00  30.00
------------------------------------------------
2019 01   54,3   12,0    08     21      7      0
2019 02    0,0    0,0    01      0      0      0
2019 03
2019 04
2019 05
2019 06
2019 07
2019 08
2019 09
2019 10
2019 11
2019 12
------------------------------------------------
          54,3   12,0   Jan     21      7      0


           WIND SPEED (m/s)

                                DOM
 YR  MO    AVG     HI   DATE    DIR
-----------------------------------
2019 01    0,8    9,2     01     42 
2019 02    0,4    3,4     01    294 
2019 03
2019 04
2019 05
2019 06
2019 07
2019 08
2019 09
2019 10
2019 11
2019 12
-----------------------------------
           0,8    9,2    Jan     40

