                   MONTHLY CLIMATOLOGICAL SUMMARY for Dez 2017


NAME: Tegel-Süd, Berlin, Germany                  
ELEV: 48 meter    LAT: 52-34.35 N    LONG: 013-16.03 E


                   TEMPERATURE (°C), RAIN (mm), WIND SPEED (m/s)

                                         HEAT   COOL         AVG
      MEAN                               DEG    DEG          WIND                   DOM
DAY   TEMP   HIGH   TIME    LOW   TIME   DAYS   DAYS   RAIN  SPEED   HIGH   TIME    DIR
---------------------------------------------------------------------------------------
 01    2,7    4,0  14:33    1,3  07:46   15,6    0,0    0,6    0,2    2,7  11:47     12
 02    3,1    4,3  13:28    1,1  23:55   15,2    0,0    0,0    0,1    1,7  11:47    358
 03    1,2    3,0  23:46   -0,4  05:26   17,2    0,0    0,9    0,7    4,4  14:14     38
 04    3,9    5,5  14:29    2,7  21:26   14,5    0,0    2,1    0,7    5,1  08:12     54
 05    6,4    7,6  10:49    3,4  00:01   11,9    0,0    2,1    1,1    5,8  09:43     59
 06    7,4    7,9  19:46    7,0  00:36   10,9    0,0    0,0    1,7    7,1  13:19     74
 07    6,8    8,1  03:00    5,3  22:12   11,5    0,0    1,2    1,6    7,8  03:32     13
 08    4,9    6,2  04:13    2,5  23:47   13,5    0,0    3,6    1,5    6,5  13:30     49
 09    2,2    3,4  18:47    1,2  02:18   16,1    0,0    2,1    1,3    5,1  13:51     54
 10    1,1    2,4  01:03   -0,6  19:19   17,2    0,0    0,3    1,2    5,4  08:26      0
 11    3,4    5,9  23:41    0,7  00:01   14,9    0,0    5,7    0,6    5,4  06:12    347
 12    4,8    7,4  06:48    2,2  21:06   13,5    0,0    3,0    1,6    9,5  10:08     38
 13    2,8    4,5  13:45    0,8  08:14   15,5    0,0    3,0    1,3    6,8  18:16      1
 14    3,8    4,9  11:40    2,4  03:08   14,6    0,0    5,1    1,4    7,8  12:55     21
 15    2,5    3,5  00:28    1,3  05:54   15,8    0,0    1,8    0,2    2,4  00:43     16
 16    2,8    3,3  18:07    2,1  02:49   15,5    0,0    0,3    0,4    3,1  12:16     51
 17    2,5    3,2  00:08    1,9  09:10   15,9    0,0    1,2    0,3    2,7  00:53     47
 18    1,5    4,2  14:17   -0,6  22:43   16,8    0,0    0,0    0,1    2,4  12:11    333
 19    2,2    3,4  15:22   -0,2  00:04   16,1    0,0    0,3    0,2    2,0  10:06      4
 20    3,8    5,1  23:44    2,8  06:01   14,5    0,0    0,3    0,2    2,7  21:14     13
 21    6,3    7,6  11:17    5,1  00:00   12,0    0,0    1,5    0,5    4,1  21:29     60
 22    6,2    7,6  13:53    5,4  22:30   12,1    0,0    0,0    0,7    4,8  14:33     34
 23    7,2    9,5  21:50    5,0  05:32   11,1    0,0    0,0    1,7    7,1  15:29     73
 24    9,9   10,3  14:44    9,4  00:24    8,4    0,0    0,0    2,0    7,5  01:21     55
 25    9,1   10,4  01:36    6,2  23:57    9,2    0,0    0,0    1,5    6,8  05:42     37
 26    5,7    9,9  13:04    3,0  06:53   12,7    0,0    0,0    1,2    8,2  13:04     10
 27    4,0    6,1  14:15    2,1  23:47   14,3    0,0    0,0    0,5    4,8  11:29    333
 28    3,5    4,8  14:00    1,9  02:28   14,9    0,0    0,0    0,6    4,1  12:35     53
 29    2,8    5,3  13:46    0,4  23:38   15,5    0,0    0,0    1,1    5,8  14:01     26
 30    3,3    8,8  23:58    0,1  01:18   15,0    0,0    3,0    1,1    4,8  14:16      2
 31    9,1   11,9  23:58    5,8  08:00    9,2    0,0    1,8    1,1    5,4  18:27     28
---------------------------------------------------------------------------------------
       4,4   11,9     31   -0,6     10  431,1    0,0   39,9    0,9    9,5     12     34
    

