                     CLIMATOLOGICAL SUMMARY for year 2018


NAME: Tegel-S체d, Berlin, Germany                  
ELEV: 48 meter    LAT: 52-34.35 N    LONG: 013-16.03 E


                                       TEMPERATURE (째C)

                              HEAT    COOL                              MAX    MAX    MIN    MIN
          MEAN   MEAN         DEG     DEG                                >=     <=     <=     <=
 YR  MO   MAX    MIN    MEAN  DAYS    DAYS      HI  DAY     LOW  DAY     30      0      0    -20
------------------------------------------------------------------------------------------------
2018 01    6,2    2,8    4,4  430,8    0,0    12,0   01    -2,4   08      0      0      5      0
2018 02    4,3   -1,8    0,8  490,5    0,0     7,7   01    -8,9   27      0      3     18      0
2018 03    6,9    0,1    3,3  466,0    0,0    16,9   11    -9,9   02      0      2     12      0
2018 04    7,6    3,0    4,5   39,4    0,0    10,9   02     0,5   02      0      0      0      0
2018 05
2018 06
2018 07
2018 08
2018 09
2018 10
2018 11
2018 12
------------------------------------------------------------------------------------------------
           5,9    0,5    3,0 1426,8    0,0    16,9  M채r    -9,9  M채r      0      5     35      0


                  PRECIPITATION (mm)

                  MAX         ---DAYS OF RAIN---
                  OBS.               OVER
 YR  MO  TOTAL    DAY  DATE   0.30   3.00  30.00
------------------------------------------------
2018 01   67,2   14,7    03     18     10      0
2018 02    3,0    1,2    11      5      0      0
2018 03   49,2   13,2    12     14      8      0
2018 04    4,8    3,6    01      3      1      0
2018 05
2018 06
2018 07
2018 08
2018 09
2018 10
2018 11
2018 12
------------------------------------------------
         124,2   14,7   Jan     40     19      0


           WIND SPEED (m/s)

                                DOM
 YR  MO    AVG     HI   DATE    DIR
-----------------------------------
2018 01    0,9   11,6     01      4 
2018 02    0,4    5,8     24    342 
2018 03    0,7    8,2     29    314 
2018 04    0,9    4,8     01     64 
2018 05
2018 06
2018 07
2018 08
2018 09
2018 10
2018 11
2018 12
-----------------------------------
           0,7   11,6    Jan    347

