                   MONTHLY CLIMATOLOGICAL SUMMARY for Feb 2019


NAME: Tegel-Süd, Berlin, Germany                  
ELEV: 48 meter    LAT: 52-34.35 N    LONG: 013-16.03 E


                   TEMPERATURE (°C), RAIN (mm), WIND SPEED (m/s)

                                         HEAT   COOL         AVG
      MEAN                               DEG    DEG          WIND                   DOM
DAY   TEMP   HIGH   TIME    LOW   TIME   DAYS   DAYS   RAIN  SPEED   HIGH   TIME    DIR
---------------------------------------------------------------------------------------
 01    0,7    2,4  15:27   -1,5  06:46   17,6    0,0    0,0    0,4    3,4  09:11    294
 02    1,5    1,9  11:42    1,2  04:26   16,8    0,0    3,9    0,2    3,1  22:40     53
 03    2,0    2,7  15:43    1,0  23:45   16,4    0,0    0,3    0,3    3,7  17:04     90
 04    2,0    6,5  14:29   -0,6  07:17   16,4    0,0    0,0    0,6    3,1  14:44    343
 05    2,9    4,2  13:39    1,0  01:56   15,5    0,0    0,3    0,9    4,8  05:32     24
 06    4,2    7,7  14:39    1,5  07:28   14,1    0,0    0,0    0,7    4,4  12:24      4
 07    3,0    3,9  00:01    1,6  05:58   15,4    0,0    0,0    0,2    2,4  02:12    326
 08
 09
 10
 11
 12
 13
 14
 15
 16
 17
 18
 19
 20
 21
 22
 23
 24
 25
 26
 27
 28
---------------------------------------------------------------------------------------
       2,2    7,7     06   -1,5     01  112,1    0,0    4,5    0,5    4,8     05      1
    

