                   MONTHLY CLIMATOLOGICAL SUMMARY for Aug 2017


NAME: Tegel-Süd, Berlin, Germany                  
ELEV: 48 meter    LAT: 52-34.35 N    LONG: 013-16.03 E


                   TEMPERATURE (°C), RAIN (mm), WIND SPEED (m/s)

                                         HEAT   COOL         AVG
      MEAN                               DEG    DEG          WIND                   DOM
DAY   TEMP   HIGH   TIME    LOW   TIME   DAYS   DAYS   RAIN  SPEED   HIGH   TIME    DIR
---------------------------------------------------------------------------------------
 01   24,2   28,4  17:51   20,1  08:09    0,0    5,9    3,9    0,3    3,1  12:20     15
 02   23,1   25,9  16:41   20,7  23:58    0,0    4,8    2,1    0,1    2,4  14:46     57
 03   22,1   26,8  16:57   19,9  23:58    0,0    3,7    4,5    0,3    6,5  14:31     99
 04   21,5   25,0  14:17   18,7  05:55    0,0    3,2    0,3    0,7    5,4  16:02     32
 05   19,4   22,7  11:47   17,3  23:19    0,0    1,1    2,1    0,4    4,1  11:22     12
 06   18,6   22,4  16:38   15,5  05:56    0,0    0,2    0,0    0,4    4,1  12:37     19
 07   19,5   25,0  15:28   14,3  05:56    0,0    1,2    0,0    0,1    2,7  13:33     27
 08   21,7   26,3  16:19   16,8  05:11    0,0    3,3    0,0    0,2    2,4  14:29    288
 09   23,2   27,0  16:35   19,9  06:51    0,0    4,9    0,0    0,4    4,1  12:48     33
 10   21,9   25,7  15:55   18,3  06:33    0,0    3,5    1,8    0,1    2,0  23:57    293
 11   18,0   21,0  00:02   15,5  04:13    0,4    0,0    8,7    0,1    2,0  02:13    288
 12   16,2   17,8  00:02   14,5  10:40    2,2    0,0    2,1    1,0    5,4  05:44     47
 13   18,2   21,9  14:46   15,7  04:04    0,1    0,0    0,0    0,4    3,4  12:26     26
 14   19,8   24,5  15:06   15,7  06:45    0,0    1,5    0,0    0,0    1,4  12:46    186
 15   22,4   27,8  16:07   17,4  06:10    0,0    4,0    0,0    0,1    1,4  09:55    292
 16   20,9   23,0  00:04   19,1  23:54    0,0    2,5    7,5    0,1    2,0  06:35     35
 17   21,3   25,4  13:38   17,2  06:21    0,0    2,9    1,5    0,1    2,4  20:44    300
 18   21,3   24,2  15:44   19,3  06:22    0,0    3,0    5,4    0,1    3,1  10:08     25
 19   18,5   21,1  17:30   16,3  09:03    0,0    0,1    0,9    0,7    4,8  10:18     35
 20   17,4   21,2  15:45   14,6  06:18    0,9    0,0    0,3    0,5    5,1  18:51     35
 21   16,3   19,4  15:35   14,5  05:18    2,0    0,0    0,6    0,7    5,1  07:39     24
 22   15,6   18,2  15:20   13,4  06:38    2,8    0,0    0,0    0,4    3,4  11:04     16
 23   16,7   21,8  15:10   12,7  06:12    1,7    0,0    0,0    0,1    2,7  10:29     52
 24   17,6   21,5  14:56   13,0  06:24    0,7    0,0    0,3    0,2    3,1  17:11     34
 25   18,9   22,7  16:16   16,5  05:34    0,0    0,6    0,3    0,1    5,1  13:56     10
 26   19,1   22,8  15:17   15,0  06:25    0,0    0,7    0,0    0,0    1,7  14:42    321
 27   20,3   23,3  16:37   18,4  08:26    0,0    1,9    0,0    0,6    3,7  07:21     19
 28   19,4   24,0  16:13   16,0  06:36    0,0    1,0    0,0    0,1    2,0  12:07    358
 29   20,5   26,3  16:19   15,6  06:21    0,0    2,2    0,0    0,1    3,4  15:49     33
 30   22,9   28,5  14:29   17,6  06:22    0,0    4,6    0,0    0,3    4,8  12:43    342
 31   21,9   26,5  14:29   18,2  23:36    0,0    3,6    3,6    0,4    5,4  13:39     33
---------------------------------------------------------------------------------------
      19,9   28,5     30   12,7     23   10,7   60,5   45,9    0,3    6,5     03     22
    

