                   MONTHLY CLIMATOLOGICAL SUMMARY for Sep 2018


NAME: Tegel-Süd, Berlin, Germany                  
ELEV: 48 meter    LAT: 52-34.35 N    LONG: 013-16.03 E


                   TEMPERATURE (°C), RAIN (mm), WIND SPEED (m/s)

                                         HEAT   COOL         AVG
      MEAN                               DEG    DEG          WIND                   DOM
DAY   TEMP   HIGH   TIME    LOW   TIME   DAYS   DAYS   RAIN  SPEED   HIGH   TIME    DIR
---------------------------------------------------------------------------------------
 01   17,4   22,7  15:44   12,5  06:52    1,0    0,0    0,0    0,1    1,7  07:07    310
 02   18,3   22,0  17:30   14,6  07:32    0,0    0,0    0,0    0,2    3,4  17:25    255
 03   22,7   27,8  15:00   18,9  04:32    0,0    4,4    0,0    0,4    2,4  13:14    262
 04   20,9   25,5  14:00   17,1  06:58    0,0    2,6    0,0    0,1    2,0  12:54    296
 05   20,2   24,6  17:20   16,3  04:33    0,0    1,9    0,0    0,1    1,7  12:55    264
 06   20,5   24,7  16:20   17,3  07:38    0,0    2,1    0,0    0,3    2,0  13:10    251
 07   19,1   22,6  17:11   16,6  07:04    0,0    0,7    0,6    0,3    3,1  17:41     17
 08   17,4   21,8  14:56   13,9  06:54    1,0    0,0    0,0    0,4    4,1  10:35     41
 09   16,0   16,4  00:03   15,4  03:03    2,3    0,0    0,0    0,0    0,0  00:03     90
 10
 11
 12
 13
 14
 15
 16
 17
 18
 19
 20
 21
 22
 23
 24
 25
 26
 27
 28
 29
 30
---------------------------------------------------------------------------------------
      19,5   27,8     03   12,5     01    4,3   11,7    0,6    0,2    4,1     08    275
    

