                   MONTHLY CLIMATOLOGICAL SUMMARY for Jul 2017


NAME: Tegel-Süd, Berlin, Germany                  
ELEV: 48 meter    LAT: 52-34.35 N    LONG: 013-16.03 E


                   TEMPERATURE (°C), RAIN (mm), WIND SPEED (m/s)

                                         HEAT   COOL         AVG
      MEAN                               DEG    DEG          WIND                   DOM
DAY   TEMP   HIGH   TIME    LOW   TIME   DAYS   DAYS   RAIN  SPEED   HIGH   TIME    DIR
---------------------------------------------------------------------------------------
 01   15,9   17,4  16:24   14,8  03:53    2,4    0,0    4,8    0,8    5,1  12:39     45
 02   16,0   18,7  12:24   14,1  07:49    2,3    0,0    2,1    0,7    5,4  10:39     21
 03   17,5   22,2  17:06   12,5  05:23    0,8    0,0    0,0    0,7    3,7  10:14     42
 04   18,6   22,0  14:16   15,7  06:19    0,0    0,3    0,0    0,7    4,4  09:55     32
 05   18,1   21,5  17:17   15,4  09:10    0,3    0,0    0,6    0,1    2,4  16:21      4
 06   20,2   25,9  15:57   15,4  04:14    0,0    1,9    0,0    0,0    1,4  15:02     40
 07   21,0   27,1  15:12   18,3  08:41    0,0    2,7    9,3    0,1    2,7  14:17    351
 08   20,3   24,8  17:23   17,6  03:50    0,0    2,0    0,0    0,3    3,1  13:53     41
 09   20,3   24,6  15:18   16,7  06:11    0,0    2,0    0,0    0,1    1,7  14:53    334
 10   19,1   20,5  09:48   17,2  05:32    0,0    0,8   10,8    0,1    3,4  23:15     34
 11   19,2   23,4  14:34   15,3  05:36    0,0    0,9    0,3    0,4    4,1  00:46     38
 12   18,4   22,3  10:58   14,4  00:00    0,0    0,1    7,2    0,5    6,1  23:27     25
 13   16,0   19,3  17:06   12,8  05:48    2,3    0,0    0,0    0,8    4,4  15:20     32
 14   17,6   22,0  14:11   13,4  05:18    0,8    0,0    0,0    0,1    2,4  12:05     34
 15   18,2   22,7  11:30   15,0  02:59    0,2    0,0    7,5    0,2    3,7  14:26     26
 16   17,6   20,1  13:12   14,3  05:49    0,7    0,0    0,9    0,3    3,4  19:03     26
 17   19,1   22,8  16:38   16,1  07:00    0,0    0,7    2,1    0,2    2,7  16:13    341
 18   19,8   24,5  17:33   15,3  05:24    0,0    1,5    0,0    0,0    1,7  12:12     73
 19   22,8   28,1  16:28   16,7  05:01    0,0    4,5    0,0    0,1    2,0  19:29    276
 20   23,4   28,5  15:29   19,9  03:26    0,0    5,1    4,8    0,2    3,4  15:54     48
 21   22,8   26,5  17:04   19,8  06:52    0,0    4,4    0,0    0,3    3,1  09:13    351
 22   21,1   26,9  13:44   18,7  22:51    0,0    2,8   49,5    0,3    3,1  14:59    266
 23   19,8   22,1  15:25   18,2  23:47    0,0    1,4    4,2    0,1    2,4  18:26      8
 24   20,1   23,5  14:56   17,0  06:03    0,0    1,7    2,7    0,0    0,7  16:36    135
 25   16,6   17,8  00:03   15,5  10:20    1,7    0,0   21,6    0,1    2,7  19:37    312
 26   16,5   16,8  13:46   16,1  03:54    1,9    0,0   25,2    0,4    3,4  14:31     25
 27   18,0   20,9  17:42   15,1  06:45    0,4    0,0    0,3    0,3    3,4  14:11     42
 28   18,8   22,9  16:58   16,1  05:48    0,0    0,5    0,6    0,6    4,8  13:56     43
 29   19,9   24,7  16:33   16,2  00:54    0,0    1,6    0,0    0,4    4,8  11:17     70
 30   24,5   30,5  15:53   18,9  04:56    0,0    6,2    0,0    0,7    6,1  17:39     25
 31   24,2   28,9  15:32   20,9  06:42    0,0    5,9    0,0    0,2    3,4  12:08     33
---------------------------------------------------------------------------------------
      19,4   30,5     30   12,5     03   13,7   46,8  154,5    0,3    6,1     12     31
    

