                   MONTHLY CLIMATOLOGICAL SUMMARY for Aug 2018


NAME: Tegel-Süd, Berlin, Germany                  
ELEV: 48 meter    LAT: 52-34.35 N    LONG: 013-16.03 E


                   TEMPERATURE (°C), RAIN (mm), WIND SPEED (m/s)

                                         HEAT   COOL         AVG
      MEAN                               DEG    DEG          WIND                   DOM
DAY   TEMP   HIGH   TIME    LOW   TIME   DAYS   DAYS   RAIN  SPEED   HIGH   TIME    DIR
---------------------------------------------------------------------------------------
 01   27,4   30,3  17:24   25,8  05:32    0,0    9,1    0,0    0,2    3,4  09:33    275
 02   26,8   31,1  16:55   23,5  07:23    0,0    8,4    0,0    0,2    3,7  02:27    282
 03   27,1   32,0  15:50   22,6  06:13    0,0    8,8    0,0    0,1    2,0  13:15    308
 04   27,4   32,4  16:01   23,2  05:58    0,0    9,1    0,0    0,2    2,4  18:27    289
 05   23,9   26,2  00:03   21,1  23:43    0,0    5,6    0,0    0,4    4,4  13:36      6
 06   23,0   28,6  16:22   18,0  05:29    0,0    4,7    0,0    0,1    2,0  10:10    289
 07   26,5   32,9  16:22   20,0  06:20    0,0    8,2    0,0    0,1    2,4  16:57    294
 08   25,8   28,0  10:31   24,4  06:40    0,0    7,4    0,0    0,1    1,4  09:01    335
 09
 10
 11
 12
 13
 14
 15
 16
 17
 18
 19
 20
 21
 22
 23
 24
 25
 26
 27
 28
 29
 30
 31
---------------------------------------------------------------------------------------
      26,0   32,9     07   18,0     06    0,0   61,2    0,0    0,2    4,4     05    323
    

